version 1
nodes
0 "static_prop" -1
end
skeleton
time 0
0 0.000000 0.000000 0.000000 0.000000 0.000000 0.000000
end
triangles
physbox.vmt
0 -128.000000 -128.000000 128.000000 -0.816497 -0.408248 0.408248 -7.750000 8.250000
0 -128.000000 128.000000 128.000000 -0.333333 0.666667 0.666667 8.250000 8.250000
0 -128.000000 128.000000 -128.000000 -0.816497 0.408248 -0.408248 8.250000 -7.750000
physbox.vmt
0 -128.000000 -128.000000 128.000000 -0.816497 -0.408248 0.408248 -7.750000 8.250000
0 -128.000000 128.000000 -128.000000 -0.816497 0.408248 -0.408248 8.250000 -7.750000
0 -128.000000 -128.000000 -128.000000 -0.333333 -0.666667 -0.666667 -7.750000 -7.750000
physbox.vmt
0 128.000000 128.000000 128.000000 0.816497 0.408248 0.408248 8.250000 8.250000
0 128.000000 -128.000000 128.000000 0.333333 -0.666667 0.666667 -7.750000 8.250000
0 128.000000 -128.000000 -128.000000 0.816497 -0.408248 -0.408248 -7.750000 -7.750000
physbox.vmt
0 128.000000 128.000000 128.000000 0.816497 0.408248 0.408248 8.250000 8.250000
0 128.000000 -128.000000 -128.000000 0.816497 -0.408248 -0.408248 -7.750000 -7.750000
0 128.000000 128.000000 -128.000000 0.333333 0.666667 -0.666667 8.250000 -7.750000
physbox.vmt
0 128.000000 -128.000000 128.000000 0.333333 -0.666667 0.666667 8.750000 8.250000
0 -128.000000 -128.000000 128.000000 -0.816497 -0.408248 0.408248 -7.250000 8.250000
0 -128.000000 -128.000000 -128.000000 -0.333333 -0.666667 -0.666667 -7.250000 -7.750000
physbox.vmt
0 128.000000 -128.000000 128.000000 0.333333 -0.666667 0.666667 8.750000 8.250000
0 -128.000000 -128.000000 -128.000000 -0.333333 -0.666667 -0.666667 -7.250000 -7.750000
0 128.000000 -128.000000 -128.000000 0.816497 -0.408248 -0.408248 8.750000 -7.750000
physbox.vmt
0 -128.000000 128.000000 128.000000 -0.333333 0.666667 0.666667 -7.250000 8.250000
0 128.000000 128.000000 128.000000 0.816497 0.408248 0.408248 8.750000 8.250000
0 128.000000 128.000000 -128.000000 0.333333 0.666667 -0.666667 8.750000 -7.750000
physbox.vmt
0 -128.000000 128.000000 128.000000 -0.333333 0.666667 0.666667 -7.250000 8.250000
0 128.000000 128.000000 -128.000000 0.333333 0.666667 -0.666667 8.750000 -7.750000
0 -128.000000 128.000000 -128.000000 -0.816497 0.408248 -0.408248 -7.250000 -7.750000
physbox.vmt
0 128.000000 128.000000 -128.000000 0.333333 0.666667 -0.666667 8.750000 8.250000
0 128.000000 -128.000000 -128.000000 0.816497 -0.408248 -0.408248 8.750000 -7.750000
0 -128.000000 -128.000000 -128.000000 -0.333333 -0.666667 -0.666667 -7.250000 -7.750000
physbox.vmt
0 128.000000 128.000000 -128.000000 0.333333 0.666667 -0.666667 8.750000 8.250000
0 -128.000000 -128.000000 -128.000000 -0.333333 -0.666667 -0.666667 -7.250000 -7.750000
0 -128.000000 128.000000 -128.000000 -0.816497 0.408248 -0.408248 -7.250000 8.250000
physbox.vmt
0 128.000000 -128.000000 128.000000 0.333333 -0.666667 0.666667 8.750000 -7.750000
0 128.000000 128.000000 128.000000 0.816497 0.408248 0.408248 8.750000 8.250000
0 -128.000000 128.000000 128.000000 -0.333333 0.666667 0.666667 -7.250000 8.250000
physbox.vmt
0 128.000000 -128.000000 128.000000 0.333333 -0.666667 0.666667 8.750000 -7.750000
0 -128.000000 128.000000 128.000000 -0.333333 0.666667 0.666667 -7.250000 8.250000
0 -128.000000 -128.000000 128.000000 -0.816497 -0.408248 0.408248 -7.250000 -7.750000
end