version 1
nodes
0 "static_prop" -1
end
skeleton
time 0
0 0.000000 0.000000 0.000000 0.000000 0.000000 0.000000
end
triangles
physbox.vmt
0 -64.000000 16.000000 64.000000 -0.666667 0.333333 0.666667 16.000000 4.000000
0 -64.000000 16.000000 -64.000000 -0.408248 0.816497 -0.408248 16.000000 -4.000000
0 -64.000000 -16.000000 -64.000000 -0.666667 -0.333333 -0.666667 14.000000 -4.000000
physbox.vmt
0 -64.000000 16.000000 64.000000 -0.666667 0.333333 0.666667 16.000000 4.000000
0 -64.000000 -16.000000 -64.000000 -0.666667 -0.333333 -0.666667 14.000000 -4.000000
0 -64.000000 -16.000000 64.000000 -0.408248 -0.816497 0.408248 14.000000 4.000000
physbox.vmt
0 64.000000 -16.000000 64.000000 0.666667 -0.333333 0.666667 14.000000 4.000000
0 64.000000 -16.000000 -64.000000 0.408248 -0.816497 -0.408248 14.000000 -4.000000
0 64.000000 16.000000 -64.000000 0.666667 0.333333 -0.666667 16.000000 -4.000000
physbox.vmt
0 64.000000 -16.000000 64.000000 0.666667 -0.333333 0.666667 14.000000 4.000000
0 64.000000 16.000000 -64.000000 0.666667 0.333333 -0.666667 16.000000 -4.000000
0 64.000000 16.000000 64.000000 0.408248 0.816497 0.408248 16.000000 4.000000
physbox.vmt
0 -64.000000 -16.000000 64.000000 -0.408248 -0.816497 0.408248 -4.000000 4.000000
0 -64.000000 -16.000000 -64.000000 -0.666667 -0.333333 -0.666667 -4.000000 -4.000000
0 64.000000 -16.000000 -64.000000 0.408248 -0.816497 -0.408248 4.000000 -4.000000
physbox.vmt
0 -64.000000 -16.000000 64.000000 -0.408248 -0.816497 0.408248 -4.000000 4.000000
0 64.000000 -16.000000 -64.000000 0.408248 -0.816497 -0.408248 4.000000 -4.000000
0 64.000000 -16.000000 64.000000 0.666667 -0.333333 0.666667 4.000000 4.000000
physbox.vmt
0 64.000000 16.000000 64.000000 0.408248 0.816497 0.408248 4.000000 4.000000
0 64.000000 16.000000 -64.000000 0.666667 0.333333 -0.666667 4.000000 -4.000000
0 -64.000000 16.000000 -64.000000 -0.408248 0.816497 -0.408248 -4.000000 -4.000000
physbox.vmt
0 64.000000 16.000000 64.000000 0.408248 0.816497 0.408248 4.000000 4.000000
0 -64.000000 16.000000 -64.000000 -0.408248 0.816497 -0.408248 -4.000000 -4.000000
0 -64.000000 16.000000 64.000000 -0.666667 0.333333 0.666667 -4.000000 4.000000
physbox.vmt
0 64.000000 16.000000 -64.000000 0.666667 0.333333 -0.666667 4.000000 16.000000
0 64.000000 -16.000000 -64.000000 0.408248 -0.816497 -0.408248 4.000000 14.000000
0 -64.000000 -16.000000 -64.000000 -0.666667 -0.333333 -0.666667 -4.000000 14.000000
physbox.vmt
0 64.000000 16.000000 -64.000000 0.666667 0.333333 -0.666667 4.000000 16.000000
0 -64.000000 -16.000000 -64.000000 -0.666667 -0.333333 -0.666667 -4.000000 14.000000
0 -64.000000 16.000000 -64.000000 -0.408248 0.816497 -0.408248 -4.000000 16.000000
physbox.vmt
0 64.000000 -16.000000 64.000000 0.666667 -0.333333 0.666667 4.000000 14.000000
0 64.000000 16.000000 64.000000 0.408248 0.816497 0.408248 4.000000 16.000000
0 -64.000000 16.000000 64.000000 -0.666667 0.333333 0.666667 -4.000000 16.000000
physbox.vmt
0 64.000000 -16.000000 64.000000 0.666667 -0.333333 0.666667 4.000000 14.000000
0 -64.000000 16.000000 64.000000 -0.666667 0.333333 0.666667 -4.000000 16.000000
0 -64.000000 -16.000000 64.000000 -0.408248 -0.816497 0.408248 -4.000000 14.000000
end